289	18
376	11
145	16
382	3
394	4
294	16
478	11
428	10
128	18
520	15
390	8
40	11
442	8
71	13
154	5
511	12
291	6
404	9
130	14
64	8
28	6
279	10
440	17
316	11
20	6
206	12
168	9
126	14
203	1
204	2
259	12
505	17
434	20
471	8
167	20
154	12
233	15
103	20
383	16
231	12
89	4
333	20
172	17
380	12
469	9
122	5
148	12
424	11
393	7
29	2
392	5
202	20
387	8
69	8
328	12
120	10
150	17
61	11
319	17
345	18
286	7
437	11
271	15
246	18
321	6
74	4
521	12
108	11
239	20
527	10
294	12
489	11
388	15
352	19
449	17
495	17
153	2
398	11
538	16
25	10
306	14
341	6
195	15
183	12
430	5
479	13
46	19
360	20
189	17
506	7
425	7
475	11
340	12
246	2
515	13
346	14
528	18
255	6
17	6
450	12