128	7
526	18
251	15
324	15
255	1
380	6
534	16
512	18
35	2
133	13
519	5
349	8
347	7
95	8
196	17
311	8
237	8
194	8
284	13
228	16
228	3
188	13
442	18
388	12
111	17
399	20
29	17
330	13
442	19
351	17
191	6
119	16
442	18
530	9
430	1
394	12
211	5
297	9
379	15
39	19
83	10
366	19
445	4
406	18
85	12
104	4
165	7
150	5
394	18
191	2
124	16
9	7
477	18
296	19
193	1
486	17
141	6
316	14
48	15
26	9
523	14
323	19
36	11
152	4
123	1
538	16
397	2
113	14
490	16
190	14
232	1
498	18
161	4
338	6
90	5
9	16
331	1
480	5
475	20
488	1
528	20
488	20
448	10
78	15
246	8
337	12
490	11
317	16
460	2
415	7
209	11
152	10
17	9
459	11
195	11
422	18
533	7
434	11
129	11
504	2