49	5
299	7
362	10
540	15
20	6
166	19
217	12
540	11
113	13
421	7
475	16
187	4
166	12
306	14
479	1
322	20
437	19
444	16
2	14
119	9
208	19
241	11
323	7
412	6
92	14
91	6
460	12
328	13
463	16
319	13
484	10
515	7
458	9
414	6
424	6
325	17
43	8
496	13
359	5
281	3
3	20
37	19
395	4
488	8
363	4
340	7
414	13
230	11
273	20
103	2
212	19
218	5
289	1
100	10
280	16
277	9
391	9
174	20
76	5
30	3
351	14
202	11
225	2
229	2
179	11
380	19
436	14
247	11
108	11
224	20
275	9
95	12
365	7
216	18
474	16
228	20
489	16
175	13
496	2
136	14
395	13
486	9
70	14
322	15
272	11
108	6
364	5
505	7
497	14
484	16
29	14
114	2
38	6
432	4
82	5
445	16
111	16
100	16
519	16
252	16