9	20
369	2
349	18
259	11
503	3
501	20
322	8
253	16
360	19
370	1
60	4
162	18
290	1
257	14
366	7
52	10
485	12
122	13
212	3
112	20
186	19
250	12
301	11
79	19
174	9
486	1
408	4
330	1
34	4
364	14
133	13
478	4
247	17
20	15
302	4
179	11
426	18
500	11
275	9
454	5
261	8
465	4
259	1
401	12
332	11
273	13
17	19
58	5
265	3
255	2
447	2
398	12
345	4
304	1
482	9
35	12
93	3
322	2
503	19
267	4
253	18
445	10
374	9
290	12
26	17
439	10
253	3
387	1
80	6
25	9
30	11
211	1
526	5
213	10
104	7
94	14
539	11
525	17
23	5
526	17
357	3
59	19
446	19
24	12
185	14
209	3
246	13
180	8
453	5
262	2
111	12
414	13
398	16
436	17
74	7
459	17
273	3
294	1
478	17
345	14