468	18
468	18
24	18
39	17
371	7
257	18
297	14
361	12
90	16
393	4
287	7
275	6
275	19
58	17
415	16
44	14
17	10
252	3
394	15
536	18
463	8
447	11
105	12
354	19
187	12
1	15
492	3
522	10
372	11
283	18
313	8
233	10
363	15
164	19
73	14
506	20
244	12
84	10
4	9
538	17
464	20
149	8
498	13
372	14
340	2
323	1
404	14
266	14
399	1
387	1
41	3
367	3
152	12
532	6
57	1
269	1
257	1
100	17
486	3
272	1
271	3
423	3
32	17
540	18
306	14
32	14
184	7
180	12
268	17
245	6
256	16
410	13
479	11
253	3
342	19
431	19
158	3
278	14
8	14
205	18
470	12
496	12
33	11
251	4
233	7
204	3
119	2
493	13
425	15
265	18
122	15
510	6
539	20
161	15
338	9
149	13
408	20
485	2
262	4
212	16