427	20
96	14
112	10
441	1
371	19
249	20
265	9
537	19
78	2
433	3
457	19
265	1
208	3
156	5
149	17
512	18
394	20
304	20
30	14
94	11
53	14
490	18
249	2
314	4
392	12
469	8
155	13
203	5
23	19
196	18
434	18
330	17
339	6
486	4
134	1
207	12
117	9
87	16
159	5
477	10
491	18
476	16
498	7
304	10
79	14
424	9
228	1
405	18
45	2
162	19
444	13
345	11
364	17
508	1
246	20
394	19
255	1
393	17
294	3
150	5
74	13
410	17
528	1
522	12
295	11
498	19
410	6
86	1
447	5
341	14
441	13
474	13
183	17
307	18
209	12
417	15
464	2
94	18
214	20
431	10
122	2
179	2
405	20
437	17
478	1
196	4
187	8
254	18
166	6
518	1
63	2
151	17
226	3
82	16
67	6
213	18
527	11
85	6
475	4
18	4